4 20 25 30 41 48 92 119 120 128 146
3 17 69 78 100 101 109
1 42 68 69 73 74 81
2 14 20 47 62 103 104 128
1 9 15 21 26 34 47 63 66 82 85 96 120 137 138 154 168 204
26 29 30 54 63 79 83 88 115 147 151
26 50 57 63 71 75 111
1 27 49 61 67 111 120 142 158
12
13 46 92 93 123
11 13 40 61 74 77 79 88 100 126 132 134 143 150 153 163 164 172 181 183 193 197 199 215 220 232
24 25 48 61 140 141
2 16 18 21 23 34 36 38 42 49 52 59 68 72 75 77 93 104 108 110 113 117
1 3 18 22 25 29 40 72 80 84 90 106 126 130 153 162 170 186 193 198 209 226 247 268 273 276 290 295 314 315 332 337 341
18 29 45 50 62 68 100 113 115 118 132 157 184 196 250 257
2 15 31 42 46 48 52 55 59 66 73 93 106 114 127 133 147 172
5 10 13 18 20 47 51 53 57 59 75 80 99 103 128 146 150 152 164 175 197 202 209 211 217
14 41 45 69 76 93 107 139 154 178
2 9 17 21 27 35 44 50 53 64 97 109 113 124 126 134 138 141 168
1 11 14 17 23 31 40 44 64 68 70 104 110 112 141 151 165 170 178